  PCB NAME   ET-D720201-0014Å@Å@
  PCB NUMBER FB01500-B
                                 Data of Draw up 2011.04.19  
 
  PART_ID              XLOC            YLOC           ANGLE

  C1                   70.50           70.50          90.00
  C2                   75.00           87.00           0.00
  C3                   59.75           81.75          90.00
  C4                   56.25           81.75          90.00
  C5                   78.50          102.00          90.00
  C6                   82.50          102.00          90.00
  C7                   76.50           79.00           0.00
  C8                   68.50           70.50          90.00
  C9                   11.50           92.50           0.00
  C10                  24.00           92.50           0.00
  C11                  49.00           92.50           0.00
  C12                  36.50           92.50           0.00
  C13                  58.50           29.50           0.00
  C14                  19.75           59.80          90.00
  C15                  19.75           77.20          90.00
  C16                  19.75           25.00          90.00
  C17                  19.75           42.40          90.00
  C18                  46.20           17.60          90.00
  C19                  62.20           55.60          90.00
  C20                  41.50           21.30           0.00
  C21                  25.25           63.55           0.00
  C22                  25.25           80.95           0.00
  C23                  25.25           28.75           0.00
  C24                  25.25           46.15           0.00
  C25                  24.90           21.96           0.00
  C26                  24.90           20.86           0.00
  C27                  24.90           39.36           0.00
  C28                  24.90           38.26           0.00
  C29                  24.90           56.76           0.00
  C30                  24.90           55.66           0.00
  C31                  24.90           74.16           0.00
  C32                  24.90           73.06           0.00
  C33                  59.33           19.12          90.00
  C34                  60.42           19.12          90.00
  C35                  64.15           53.00          90.00
  C36                  67.70           48.05           0.00
  C37                  64.50           37.00          90.00
  C38                  69.50           83.50           0.00
  C39                  61.00           86.00           0.00
  C40                  44.00           17.80          90.00
  C41                  42.50           23.30           0.00
  C42                  78.50           81.50           0.00
  C43                  83.50           50.50          90.00
  C44                  90.10           61.50          90.00
  C45                  93.50           61.50          90.00
  C46                  46.00           86.00          90.00
  C47                  52.00           82.50           0.00
  C48                  48.10           53.70          90.00
  C49                  58.90           37.70          90.00
  C50                  49.10           36.80          90.00
  C51                  45.00           50.70           0.00
  C52                  46.00           37.80          90.00
  C53                  64.00           44.30           0.00
  C54                  51.00           36.70          90.00
  C55                  62.40           50.60           0.00
  C56                  75.50           45.50           0.00
  C57                  57.00           88.50           0.00
  C58                  57.00           86.50           0.00
  C59                  77.00           49.00          90.00
  C100                 57.30           38.40          90.00
  C101                 62.30           47.20           0.00
  C102                 55.70           53.40          90.00
  C103                 50.60           53.30          90.00
  C104                 46.00           47.20           0.00
  C105                 46.20           42.10           0.00
  C106                 54.00           38.20          90.00
  C107                 55.70           38.20          90.00
  C108                 62.30           45.80           0.00
  C109                 57.40           53.40          90.00
  C110                 54.00           53.50          90.00
  C111                 52.30           53.30          90.00
  C112                 46.00           48.90           0.00
  C113                 46.20           45.50           0.00
  C114                 46.30           43.80           0.00
  C115                 52.30           37.20          90.00
  C116                 61.20           49.30           0.00
  C117                 75.00           84.50           0.00
  C118                 67.50          108.50           0.00
  C119                 85.50           50.50          90.00
  C120                 94.00           67.25          90.00
  C121                 90.00           24.50           0.00
  D5                   62.00           33.00           0.00
  D6                   77.50           70.00         180.00
  D7                   77.50           72.50         180.00
  D8                   76.50           90.50         180.00
  D9                   65.50          106.00         180.00
  D10                  89.00           67.00           0.00
  D11                  88.00           27.50           0.00
  F1                    9.00           98.50          90.00
  F2                   21.50           98.50          90.00
  F3                   34.00           98.50          90.00
  F4                   46.50           98.50          90.00
  F5                   78.00           75.50          90.00
  FB11                 60.10           55.60          90.00
  FB12                 17.75           81.95          90.00
  FB13                 17.75           64.55          90.00
  FB14                 17.75           47.15          90.00
  FB15                 17.75           29.75          90.00
  JP2                  45.50            0.00           0.00
  L1                   71.00           99.00          90.00
  L2                   79.50           63.50           0.00
  L3                   64.50           80.50           0.00
  Q1                   76.50           23.00           0.00
  Q2                   76.50           17.00           0.00
  Q3                   83.00           28.50           0.00
  Q4                   82.00           23.50         -90.00
  Q5                   88.10           56.70           0.00
  Q6                   77.00           29.50           0.00
  Q7                   86.00           23.00         -90.00
  Q8                   92.00           27.50           0.00
  R1                   17.50          103.00           0.00
  R2                   30.00          103.00           0.00
  R3                   42.50          103.00           0.00
  R4                   55.00          103.00           0.00
  R5                   69.50           28.50          90.00
  R6                   62.00           29.50           0.00
  R7                    2.30           66.40           0.00
  R8                    2.30           83.80           0.00
  R9                    2.30           31.60           0.00
  R10                   2.30           49.00           0.00
  R11                  59.75           74.50          90.00
  R12                  61.50           74.50          90.00
  R13                  27.50          104.00          90.00
  R14                  15.00          104.00          90.00
  R15                  52.50          104.00          90.00
  R16                  40.00          104.00          90.00
  R17                  30.00          105.00           0.00
  R18                  17.50          105.00           0.00
  R19                  55.00          105.00           0.00
  R20                  42.50          105.00           0.00
  R21                  79.00           23.50          90.00
  R22                  65.50           48.05           0.00
  R23                  80.00           19.50          90.00
  R24                  68.00           28.50          90.00
  R25                  61.00           88.50           0.00
  R26                  76.50           20.00           0.00
  R27                  88.00           31.00           0.00
  R28                  90.00           23.00           0.00
  R29                  92.00           31.00           0.00
  R30                  79.50           45.50           0.00
  R31                  60.00           91.50          90.00
  R32                  62.00           91.50          90.00
  R33                  59.60           51.20          90.00
  R34                  77.00           53.00          90.00
  R35                  82.50           43.50           0.00
  R36                  84.50           46.00           0.00
  R37                  58.00           95.50          90.00
  R38                  60.00           95.50          90.00
  R39                  58.00           91.50          90.00
  R40                  46.50           80.00           0.00
  R41                  54.50           77.00           0.00
  R42                  72.50           77.50          90.00
  R43                  12.00           12.50          90.00
  R44                  15.00           32.25           0.00
  R45                  15.00           49.65           0.00
  R46                  14.00           84.50           0.00
  R47                  54.40           15.50          90.00
  R48                  40.20           18.30           0.00
  R49                  40.20           15.80           0.00
  R50                  82.50           19.00          90.00
  U1                   54.00           45.50           0.00
  U2                   68.50           34.50           0.00
  U3                   14.50           97.50           0.00
  U4                   27.00           97.50           0.00
  U5                   39.50           97.50           0.00
  U6                   52.00           97.50           0.00
  U7                   67.00           88.00          90.00
  U8                   80.50           50.50           0.00
  U9                   65.50           74.25         -90.00
  U11                  49.50           86.50           0.00
  Y1                   66.70           51.70         -90.00
